path:
 - pose_id: 0
   position: [0.700, -0.25 , 0.25]
   quaternion: [0.0, 1.0, 0.0, 0.0]
  #  quaternion: [0.839575452111, -0.511377775377, 0.0, -0.183318932637]
 - pose_id: 1
   position: [0.700, 0.25 , 0.25]
   quaternion: [0.0, 1.0, 0.0, 0.0]
  #  quaternion: [0.839575452111, 0.511377775377, 0.0, 0.183318932637]
 - pose_id: 2
   position: [0.8, 0.25 , 0.25]
   quaternion: [0.0, 1.0, 0.0, 0.0]
  #  quaternion: [0.839575452111, -0.511377775377, 0.0, 0.183318932637]
 - pose_id: 3
   position: [0.8, -0.25 , 0.25]
   quaternion: [0.0, 1.0, 0.0, 0.0]
  #  quaternion: [0.839575452111, 0.511377775377, 0.0, -0.183318932637]